Epoch 0 complete
1_epoch: 0.9095
[[   0    0    1    2    3    4    5    6    7    8    9]
 [   0  947    0   14    4    1   16   10    2    9    9]
 [   1    1 1108    4    5    6    5    1   10    8    4]
 [   2    3    6  920   20    8   10    6   24   15    3]
 [   3    2    3   17  901    0   38    0    6   12   12]
 [   4    0    0    6    1  872    5    8    5    7   26]
 [   5    5    1    6   22    4  756   10    2   20    9]
 [   6   17    4   21    3   22   22  914    7   19    4]
 [   7    1    3   17   16    3    4    3  914   14   15]
 [   8    4   10   17   25    9   29    6    3  849   13]
 [   9    0    0   10   13   57    7    0   55   21  914]]
