2 hidden layers: 0.9518
[[   0    0    1    2    3    4    5    6    7    8    9]
 [   0  957    0    5    0    0    6    5    1    4    8]
 [   1    0 1120    1    3    0    4    3   10    3    8]
 [   2    3    2  987   14    5    7    2   15   11    2]
 [   3    3    4   12  965    2   25    4   10   15   18]
 [   4    0    0    6    0  936    1    6    4    3   29]
 [   5    2    1    2    8    0  819    7    2    7    8]
 [   6   11    3    5    1    6   11  928    0    3    0]
 [   7    2    2    4    5    4    1    0  972    3   11]
 [   8    1    3    9   11    6   15    3    1  923   14]
 [   9    1    0    1    3   23    3    0   13    2  911]]
